0000           0
0001           0
0002     8030510
0003      644013
0004 10000120049
0005     8030010
0006      110000
0007      747972
0008      380092
0009      757973
0010      124005
0011       80000
0012  9999999982
0013  9999999980
0014      644014
0015      124005
0016       80000
0017     1727028
0018      640040
0019      737025
0020      287024
0021       81240
0022      727999
0023 10000320019
0024      113977
0025      123999
0026      647032
0027      130002
0028 10000640000
0029      737023
0030      380108
0031      727023
0032 10000126099
0033      227032
0034      260000
0035      130000
0036      727024
0037      260020
0038           0
0039          39
0040 12199999999
0041  3799999999
0042  3699999998
0043  3899999999
0044  3799999999
0045  3699999998
0046  1300389999
0047  3359999999
0048      120051
0049      727012
0050 10000643999
0051      130004
0052      647001
0053      140004
0054      127008
0055 10000644000
0056      120000
0057      227010
0058      227002
0059      207000
0060          19
0061   810485980
0062      207017
0063   420585980
0064   430585980
0065      647019
0066       27011
0067      207000
0068      124019
0069      644000
0070      727076
0071      301221
0072      647084
0073      124014
0074      647081
0075      300310
0076       80072
0077      647085
0078      124014
0079      647086
0080      300310
0081      300077
0082      645004
0083      302391
0084        7002
0085      117002
0086      300082
0087      664008
0088      242180
0089      764009
0090      287089
0091      302200
0092       41000
0093      647092
0094      744000
0095       27092
0096      124005
0097      240092
0098      280986
0099      287098
0100      340092
0101      270092
0102      203971
0103      724000
0104      120162
0105      110000
0106      125000
0107      645001
0108      130008
0109       47111
0110      300122
0111      125007
0112      747120
0113      383982
0114      140010
0115      125001
0116      140010
0117      747121
0118      380140
0119      300129
0120  9999999901
0121          64
0122      745002
0123       47127
0124      140002
0125       47128
0126      207124
0127       27122
0128      300111
0129      725007
0130      647138
0131       47139
0132 10000642989
0133       47135
0134       81040
0135      130008
0136      125007
0137      300142
0138           0
0139      300140
0140      645007
0141      130002
0142      360980
0143      726980
0144      737151
0145      380152
0146 10000646981
0147      140002
0148 10000126981
0149      140008
0150      227146
0151      300157
0152 10000646981
0153      140006
0154 10000126981
0155      140004
0156      227152
0157      260980
0158      725000
0159     1665007
0160      125002
0161 10000125005
0162       88888
0163       24012
0164      727173
0165 10000125009
0166      227165
0167      647181
0168      124014
0169      130003
0170      124013
0171      724014
0172      645006
0173      330010
0174 10000140098
0175      724013
0176 10000745009
0177 10000125009
0178      745019
0179      380182
0180      300182
0181         406
0182      125019
0183      645018
0184      744000
0185       25018
0186      647195
0187      300103
0188      747194
0189      287191
0190      300204
0191      644014
0192      637196
0193      300168
0194  9999999980
0195      300188
0196        1303
0197       24013
0198      124013
0199      645009
0200      637203
0201      125019
0202      300206
0203      110000
0204      645018
0205      745009
0206      747220
0207      125007
0208      125009
0209      757218
0210       47212
0211      301205
0212      647219
0213      605019
0214       27204
0215      140002
0216      744000
0217      300221
0218    56638602
0219  1001001001
0220           0
0221      124015
0222      724015
0223 10000673059
0224      124014
0225      130007
0226      747239
0227      127230
0228      724013
0229 10000665009
0230 10000772822
0231       47236
0232      227229
0233      644012
0234       44012
0235      301305
0236      724014
0237      227240
0238      300241
0239 10000772822
0240      644014
0241      644012
0242       47244
0243      301306
0244      645009
0245      637258
0246      755009
0247       47255
0248      645007
0249      125009
0250      644014
0251       47253
0252      300270
0253      727257
0254      300259
0255      745009
0256      300208
0257         217
0258  1111118611
0259      227261
0260      312973
0261 10000643059
0262       47259
0263      110000
0264      120257
0265      724015
0266      124015
0267      764014
0268 10000123059
0269      300270
0270      724015
0271      647289
0272       10006
0273 10000123059
0274      724013
0275      657289
0276      747285
0277      127285
0278      110000
0279      747289
0280      744000
0281      120289
0282      747288
0283      392973
0284 10000665009
0285 10000122822
0286      227284
0287      204012
0288  9999999000
0289         772
0290      130004
0291      644001
0292      744002
0293     3140004
0294      124013
0295      110000
0296      747303
0297      123971
0298      647304
0299      754000
0300      120304
0301      124014
0302      303960
0303      300000
0304        4000
0305      124012
0306      647322
0307      127314
0308      127317
0309      207311
0310      124012
0311      724002
0312      664014
0313 10003120450
0314      320000
0315      110000
0316      124002
0317      744003
0318      747321
0319      380327
0320      204012
0321  9999999981
0322      300323
0323      647342
0324      127335
0325      207327
0326      124012
0327      644001
0328      744002
0329      744003
0330      744000
0331      124015
0332      637339
0333      747340
0334      287336
0335      300343
0336      757341
0337      754015
0338      207331
0339         111
0340  9999999019
0341          19
0342      300347
0343      724002
0344      664015
0345      747351
0346 10003120450
0347      320000
0348      110000
0349       24002
0350      300353
0351      140000
0352       24016
0353      124016
0354      724016
0355 10000660450
0356      130004
0357       24014
0358      140001
0359      747369
0360      380371
0361      757369
0362      130001
0363      644014
0364      724014
0365      747370
0366      380405
0367 10000641986
0368      300406
0369  9999999993
0370  9999900000
0371       47378
0372      140003
0373      744016
0374      744001
0375      130003
0376      647383
0377      300362
0378      754000
0379       47384
0380      140003
0381      744002
0382      207374
0383           7
0384       27377
0385      140003
0386      127379
0387      727379
0388 10000643284
0389      300390
0390      130008
0391       47401
0392      227393
0393      110000
0394      130004
0395      644016
0396      744001
0397      140004
0398      747404
0399 10000123285
0400      300363
0401 10000723284
0402      227393
0403      300363
0404  1200000001
0405 10000651986
0406      140004
0407      124013
0408      644001
0409      744016
0410      124014
0411      647420
0412      303957
0413      644016
0414      744000
0415      124016
0416      754002
0417       47419
0418      300423
0419      300354
0420      300413
0421      644016
0422      744000
0423      124016
0424      754003
0425       47431
0426      664015
0427       24001
0428      124002
0429       24003
0430      204012
0431      724016
0432 10000640440
0433      124013
0434      644014
0435      744000
0436      124014
0437      647439
0438      303957
0439      300421
0440           0
0441           0
0442           0
0443           0
0444           0
0445           0
0446           0
0447           0
0448           0
0449           0
0450           0
0451           0
0452           0
0453           0
0454           0
0455           0
0456           0
0457           0
0458           0
0459           0
0460           0
0461           0
0462           0
0463           0
0464           0
0465           0
0466           0
0467           0
0468           0
0469           0
0470       24016
0471       27487
0472      207474
0473       24016
0474      644002
0475      744003
0476      747488
0477      287483
0478      644003
0479      747486
0480      747487
0481      124014
0482      300490
0483      644001
0484      747489
0485      207480
0486        8000
0487      220000
0488  9999999982
0489          20
0490      110000
0491      767508
0492      124012
0493      647509
0494      300308
0495      767508
0496      124017
0497      647510
0498      127505
0499      644017
0500      724003
0501 10000120440
0502      320000
0503      110000
0504      124003
0505      747511
0506      124014
0507      725008
0508 10001300000
0509      300512
0510      300352
0511      267999
0512      644016
0513      747520
0514       24014
0515      122319
0516      647521
0517      300308
0518      647522
0519      300324
0520      140000
0521      300518
0522      300523
0523      724012
0524      664015
0525      227529
0526      647530
0527      124012
0528      647531
0529      300495
0530     1302782
0531           0
0532       25014
0533   200125015
0534      110000
0535      747551
0536      125013
0537      665014
0538      747544
0539      380611
0540      747533
0541      380552
0542      644004
0543      747550
0544  7000287546
0545      300570
0546       24014
0547      124004
0548      647545
0549      300310
0550  7200190000
0551     1300000
0552      645014
0553      637567
0554      757569
0555      737567
0556      287559
0557      747569
0558      120569
0559      645014
0560      637568
0561      774004
0562      745015
0563       47566
0564      124004
0565      205013
0566      300542
0567  1100001111
0568 11100111111
0569           0
0570      665014
0571      747586
0572      287586
0573      644006
0574      754000
0575      124006
0576      725014
0577 10000643938
0578      124017
0579      664017
0580      765015
0581      727587
0582       47585
0583      647588
0584      300608
0585      301218
0586  9600645014
0587      300589
0588      197000
0589      130004
0590      645015
0591      737598
0592      285013
0593      645014
0594      637598
0595       47600
0596      645014
0597      637605
0598       10000
0599      300606
0600      645015
0601      747604
0602      125015
0603      207596
0604           2
0605 10000000000
0606      745015
0607      140004
0608       24014
0609      645013
0610      300310
0611      130008
0612       24014
0613      122260
0614      725014
0615 10000643284
0616       25018
0617      125017
0618      253040
0619      724014
0620 10000207616
0621      300636
0622      300713
0623      300626
0624      300626
0625      300626
0626      645018
0627      637635
0628       25017
0629      125018
0630      724014
0631 10000207625
0632      300636
0633      300713
0634      302239
0635  2222001111
0636      644009
0637      757650
0638      124009
0639      724009
0640 10000643923
0641      124014
0642      130007
0643      757651
0644      745017
0645       47647
0646      300652
0647 10000643922
0648      125019
0649      300665
0650           2
0651          31
0652      644006
0653      754000
0654      124006
0655      645018
0656      637664
0657      724014
0658 10000603938
0659      140006
0660      745018
0661      125018
0662      724009
0663      300717
0664     1110000
0665      645017
0666       47676
0667      724006
0668      645018
0669      637673
0670      130004
0671      320000
0672 10000123941
0673      110000
0674      124006
0675      747677
0676      300678
0677   310000002
0678      744000
0679      125010
0680      644014
0681      125011
0682      647686
0683      125012
0684      647687
0685      300800
0686  5222011030
0687      300688
0688      645019
0689      130007
0690      757702
0691       47700
0692      644006
0693      754000
0694      124006
0695      725019
0696 10000643938
0697      745018
0698      125018
0699      300763
0700      647703
0701      301075
0702          31
0703      300704
0704      125011
0705      645019
0706      125010
0707      647712
0708      125012
0709      647711
0710      300800
0711     1300763
0712  5220101026
0713      724009
0714      227715
0715      110000
0716      124009
0717 10000643922
0718      125019
0719      130007
0720      757730
0721       47723
0722      300735
0723      645019
0724      637731
0725       47727
0726      300732
0727      645017
0728       47726
0729      302237
0730          31
0731    10000000
0732      645019
0733      727746
0734      300532
0735      644006
0736      754000
0737      124006
0738      725019
0739 10000643938
0740      745018
0741      125018
0742      675017
0743       47745
0744      300751
0745      302240
0746      300768
0747      643055
0748      637762
0749       23055
0750      122319
0751      645018
0752      353040
0753      130004
0754      645014
0755       10006
0756      637762
0757      130006
0758      645014
0759      140010
0760      125014
0761      300542
0762 10000221111
0763      645011
0764      124018
0765      645012
0766      140005
0767      207770
0768      665019
0769      124018
0770      637778
0771       47775
0772      647776
0773      727777
0774      301217
0775      300787
0776  5810000000
0777       80779
0778    10000000
0779      644018
0780      130010
0781       10004
0782      744014
0783      124014
0784      647786
0785      300310
0786      300787
0787      645017
0788       47793
0789      647797
0790      124014
0791      647798
0792      300310
0793      637799
0794       24014
0795      125017
0796      300779
0797      194001
0798      302233
0799       41111
0800       25009
0801      125016
0802  3200645010
0803      637818
0804       47809
0805      645011
0806      637818
0807       47813
0808      300895
0809      645011
0810      637818
0811       47817
0812      300854
0813      645012
0814      747802
0815      380819
0816      300850
0817      300894
0818    11000000
0819      643033
0820      737827
0821      287825
0822      771840
0823      121840
0824      123033
0825      725016
0826 10000645010
0827      727835
0828      300532
0829      645016
0830      130008
0831      763033
0832      727836
0833      300473
0834      722866
0835      320829
0836      110843
0837      122866
0838      667848
0839       25004
0840      123521
0841      121364
0842      301407
0843      644011
0844      754000
0845      124011
0846      124004
0847      725016
0848 14410025010
0849      300895
0850      665011
0851      747859
0852      380870
0853      644000
0854      747866
0855      125016
0856      725016
0857 10000665010
0858      747865
0859  7000380819
0860 10000725010
0861 10000643938
0862      330060
0863      157868
0864      130010
0865  9600647862
0866  1500170000
0867      140008
0868 10000023938
0869      300895
0870      665010
0871      747877
0872      287874
0873      300853
0874      645010
0875      727883
0876      300532
0877  7000644011
0878      754000
0879      124011
0880      124004
0881      125010
0882      300853
0883      110877
0884      124008
0885      724007
0886 10000643862
0887      727893
0888      300290
0889      645003
0890      747899
0891      381187
0892      301511
0893       80889
0894      657907
0895      745012
0896      125012
0897      747902
0898      381170
0899  7000665010
0900      747910
0901      381010
0902  3300665011
0903      637908
0904      774004
0905       47909
0906      300910
0907    17999922
0908  1100111111
0909      301013
0910  7000675012
0911      637924
0912      157920
0913      735011
0914      287917
0915      655010
0916      125010
0917      664004
0918      727927
0919      300532
0920      675010
0921      637925
0922      157913
0923      301042
0924 10010100000
0925 10000110000
0926      665012
0927      330926
0928      637940
0929      130005
0930       47942
0931      645010
0932       25011
0933      140003
0934       47942
0935      140006
0936      747941
0937      124014
0938      647942
0939      300310
0940      110011
0941       40010
0942      300943
0943      645010
0944       25014
0945      645012
0946      637956
0947      727957
0948      300533
0949      645012
0950      637958
0951       45009
0952      647963
0953      124014
0954      645009
0955      300310
0956          11
0957       80949
0958    10100010
0959      647963
0960      124014
0961      647977
0962      300310
0963      170010
0964      300959
0965      301540
0966      302934
0967      302324
0968      302324
0969      300974
0970      301545
0971      301546
0972      301545
0973      301546
0974      644008
0975      754000
0976      124008
0977      301511
0978      302940
0979      302854
0980           3
0981           0
0982           0
0983           0
0984           0
0985      301538
0986      312973
0987      301652
0988      312973
0989      301852
0990      302044
0991      302045
0992      302029
0993      302094
0994      302086
0995      302214
0996      301850
0997      312973
0998      312973
0999      312973
1000      312973
1001      312973
1002      301608
1003      301647
1004      312973
1005      302871
1006      302879
1007      300883
1008      302637
1009      302630
1010      665011
1011      747019
1012      381042
1013      645012
1014      637029
1015       47017
1016      301036
1017      755012
1018      125012
1019  7000645011
1020      127013
1021      667013
1022      747027
1023      381039
1024      645010
1025      125011
1026      647013
1027  7000025010
1028      300899
1029        1000
1030      644011
1031      754000
1032      124011
1033      124004
1034      125010
1035      207039
1036      665010
1037      747043
1038      287042
1039      645011
1040      727045
1041      300532
1042      727048
1043  7000645010
1044      300532
1045       81049
1046        1000
1047      300000
1048       81030
1049      644011
1050      754000
1051      124011
1052      124004
1053      125011
1054      300910
1055      127072
1056      647073
1057       27070
1058       25012
1059       25011
1060      654011
1061      747074
1062      737069
1063      287066
1064      644011
1065      121074
1066      640569
1067       47070
1068      644011
1069      754000
1070      301078
1071      124011
1072      301511
1073      744000
1074  2800005020
1075      127088
1076      644011
1077      754000
1078      124011
1079      124004
1080      645012
1081      140005
1082      637090
1083      744004
1084      130010
1085      645011
1086      140010
1087      724008
1088 10000123862
1089      301511
1090    10000000
1091      665011
1092      747095
1093      381104
1094      727097
1095  6500645010
1096      300532
1097       81132
1098      644011
1099      754000
1100      124011
1101      124004
1102      125010
1103      207107
1104      665010
1105      747110
1106      287111
1107      675011
1108      125014
1109      727116
1110  7000300533
1111      645010
1112      727117
1113      300532
1114      747121
1115 10000123863
1116      321120
1117      111098
1118      124008
1119      301203
1120      645014
1121  2600125019
1122      727127
1123      645015
1124      125017
1125      645010
1126      300532
1127       81128
1128      645019
1129      130004
1130      665017
1131      301141
1132      645011
1133      130008
1134      757146
1135       47139
1136      124004
1137      645009
1138      301055
1139      140004
1140       27133
1141      637147
1142      140004
1143      124014
1144      647148
1145      300310
1146          34
1147      110020
1148      301137
1149      647163
1150      124014
1151      647164
1152      300310
1153      645011
1154      727165
1155      300532
1156      645012
1157      637166
1158       47167
1159      763034
1160      125011
1161      725009
1162      300473
1163      194000
1164      301153
1165      301156
1166         100
1167      647169
1168      207159
1169         109
1170      747174
1171      381091
1172      643034
1173      737180
1174  9900287178
1175      771840
1176      121840
1177      123034
1178      727182
1179      645010
1180      300532
1181      724007
1182      321149
1183      110000
1184      124007
1185      645003
1186 10000023861
1187      645004
1188      125003
1189      724006
1190      647196
1191 10000123939
1192      647197
1193       47195
1194      301203
1195      301405
1196           0
1197           0
1198      647205
1199      301204
1200       27210
1201      125004
1202      207207
1203      645005
1204      125004
1205  4690645000
1206       47210
1207      647216
1208      727218
1209      300104
1210      754000
1211      125000
1212      645006
1213      125005
1214      645007
1215      125006
1216      301231
1217      124017
1218      110000
1219       25008
1220      727227
1221      744000
1222      744003
1223      744002
1224      747230
1225      287227
1226 10000300000
1227      110499
1228      767226
1229      300326
1230  9999999981
1231      645004
1232      757243
1233       47235
1234      300087
1235      645005
1236       47238
1237      301207
1238      747247
1239      381670
1240      747248
1241      287243
1242      301250
1243  5000645005
1244      125006
1245      647249
1246      300163
1247  9999999920
1248          50
1249      301262
1250      747260
1251      287257
1252      647261
1253      300103
1254      754000
1255       47257
1256      302110
1257      725005
1258 10000643821
1259      301328
1260          28
1261      301254
1262  5501724015
1263 10500643284
1264  3400125005
1265   500747274
1266      381278
1267      747277
1268      382653
1269      747277
1270      381778
1271      747262
1272      381329
1273      767265
1274   100381286
1275      747264
1276      381292
1277   200301294
1278      645006
1279      757284
1280       47282
1281      301207
1282      647285
1283      300103
1284           7
1285      301279
1286      645005
1287      637303
1288      127303
1289      110000
1290      747303
1291      301328
1292      647304
1293      127302
1294  1000110000
1295       21320
1296  2000124012
1297      645004
1298      747294
1299      382201
1300      747296
1301      382499
1302      300197
1303  1111000000
1304      301329
1305      647322
1306      727320
1307 10000743284
1308      124014
1309      647319
1310       47318
1311      661840
1312      754000
1313      121840
1314      747321
1315      744014
1316 10000123284
1317      301328
1318      301323
1319          20
1320           0
1321  2200000000
1322    10000000
1323      754000
1324      121319
1325      747327
1326      301314
1327        6000
1328      125005
1329      645004
1330       47332
1331      301203
1332  5900747339
1333      381347
1334  3800645005
1335      757345
1336       47339
1337      647346
1338      301406
1339  7100645005
1340      747332
1341      381407
1342      747334
1343      381402
1344      301407
1345  5026000000
1346  5220101026
1347  4400645005
1348      757362
1349       47351
1350      301205
1351      645004
1352      757347
1353       47357
1354      647363
1355      121364
1356      301203
1357      647364
1358      755004
1359       47361
1360      300834
1361      301365
1362  5220101026
1363  6806000000
1364           0
1365      725004
1366      320000
1367      645004
1368      227374
1369      121383
1370      644001
1371      744002
1372      724008
1373      301114
1374      757382
1375       47378
1376      647383
1377       47379
1378      301384
1379       25004
1380      121383
1381      301407
1382  4102000000
1383           0
1384   400724000
1385  5600645005
1386   900130008
1387      754000
1388       47396
1389      645004
1390      747385
1391      381407
1392      747384
1393      287399
1394      227387
1395      301407
1396      757401
1397       47394
1398      207389
1399      647386
1400      301406
1401          40
1402      647404
1403      207406
1404  5224011030
1405       25004
1406      121197
1407     3645003
1408   500747416
1409      381181
1410  2200747418
1411      381460
1412   400747420
1413      381436
1414      747408
1415      381446
1416  5300747410
1417      381438
1418   800747412
1419      381430
1420   500301421
1421      724007
1422  1000227423
1423  3900110000
1424      124007
1425 10000643862
1426      755003
1427      757423
1428       40988
1429      301511
1430      644006
1431      744000
1432      124006
1433      745003
1434      125003
1435      207438
1436      647451
1437      127444
1438      724008
1439      320000
1440      110000
1441      124008
1442      645003
1443 10000123862
1444      301511
1445      125003
1446      645004
1447      130008
1448      757453
1449       40997
1450      301181
1451      637452
1452  1188001111
1453          40
1454      647459
1455      742645
1456      124014
1457      647471
1458      300305
1459      399226
1460      130008
1461      127475
1462      727475
1463 10000207464
1464      301438
1465      301181
1466      301475
1467      301475
1468      301181
1469      301472
1470      301454
1471      301511
1472      647485
1473      125003
1474      301181
1475      747490
1476       27490
1477      120569
1478  1000724007
1479 10200643861
1480      757485
1481      130008
1482       47484
1483      302734
1484 10000643860
1485  4400124014
1486      747492
1487      287490
1488      767479
1489      382320
1490      301489
1491      302619
1492  6600644014
1493   200747507
1494      382869
1495      767503
1496      382739
1497      644014
1498      747510
1499 10000123860
1500      747504
1501      381187
1502      647509
1503  2600125003
1504  7000301181
1505      301187
1506      647509
1507  3000125003
1508  2100301438
1509  5219000034
1510       10000
1511      724007
1512      645004
1513      637530
1514      127511
1515 10000643861
1516      637530
1517      757511
1518      737511
1519      381187
1520      227521
1521      110000
1522       24007
1523      120569
1524 10000643862
1525      130008
1526      747529
1527       27529
1528      724008
1529     3220935
1530    11000000
1531      645010
1532 10000123922
1533      320000
1534      110000
1535      124009
1536      647543
1537      301057
1538 10000653863
1539      207542
1540 10000643863
1541      637544
1542 10000123863
1543      301511
1544  1111221111
1545      644000
1546      125003
1547       24019
1548      140004
1549      757561
1550  7000755003
1551       40998
1552  7000724008
1553      227554
1554      110000
1555      124008
1556 10000663863
1557      747552
1558      381562
1559 10000643863
1560      301565
1561        8800
1562 10000643863
1563      727567
1564      300532
1565      725003
1566 10000125010
1567      111575
1568       47572
1569      724009
1570      644019
1571      301589
1572      754000
1573       25003
1574      301552
1575      645003
1576       47579
1577      640569
1578       47581
1579      644011
1580      754000
1581      124011
1582      124004
1583      724008
1584 10000643863
1585      637588
1586      744004
1587      301565
1588    11000000
1589      157606
1590      645011
1591      637607
1592      124014
1593      747603
1594      287603
1595      725011
1596 10000643938
1597      724006
1598 10000123938
1599      110000
1600      744014
1601      724009
1602      207604
1603  9600645011
1604 10000123922
1605      320000
1606      301531
1607  1110000000
1608 10000643863
1609      130008
1610      757623
1611       47626
1612      140001
1613       47616
1614      647624
1615      207617
1616      647625
1617 10000723863
1618 10000753938
1619       47626
1620  9600724008
1621 10000663861
1622      301627
1623           3
1624  5120000000
1625           2
1626      301652
1627      747642
1628      381652
1629      747637
1630      287632
1631      301652
1632      644006
1633      754000
1634      124006
1635 10000643861
1636 10000123862
1637  2600664004
1638 10000773862
1639   600047645
1640      764004
1641      757646
1642  7000124014
1643      647645
1644      300310
1645      301650
1646  2799800000
1647      727656
1648      647656
1649      301655
1650      647669
1651      207654
1652      724007
1653 10000643862
1654      727663
1655      125012
1656  6830110974
1657      747668
1658      125009
1659      724008
1660      227661
1661 10000643863
1662      125010
1663      111060
1664      124008
1665 10000643862
1666       25011
1667      300801
1668     1300000
1669  5222011030
1670       24019
1671      124017
1672      647681
1673      124018
1674      207686
1675      747689
1676      287682
1677      757690
1678       47691
1679      647692
1680      300104
1681    10000000
1682      130001
1683      644019
1684      140001
1685      124019
1686      647688
1687      300103
1688      301675
1689  9999999920
1690  9999999921
1691      301722
1692      301693
1693      747709
1694      287700
1695      301763
1696      747709
1697      287700
1698      301711
1699      301696
1700      130001
1701      644019
1702      140001
1703       24019
1704      644017
1705      744000
1706      124017
1707      647699
1708      300104
1709  9999999920
1710      127721
1711      330060
1712      644019
1713      157719
1714      130010
1715      647711
1716      170000
1717      754017
1718      140008
1719       24019
1720      124018
1721      124017
1722      645006
1723      757728
1724       47729
1725      647730
1726      320000
1727      300104
1728           6
1729      301763
1730      301741
1731      747740
1732      381754
1733      130001
1734       27740
1735      230000
1736       10009
1737      124017
1738      647748
1739      300104
1740  9999999920
1741      757751
1742       47752
1743      124017
1744      644018
1745       47749
1746      647748
1747      300103
1748      301731
1749      647753
1750      301710
1751           6
1752      301763
1753      301746
1754      130001
1755      644017
1756      140001
1757      124017
1758      647760
1759      300104
1760      301761
1761      747772
1762      381754
1763      644019
1764      130008
1765      744017
1766      140008
1767      121196
1768      647771
1769      744018
1770      301328
1771   300000000
1772  9999999920
1773      757782
1774       47776
1775      301207
1776      747783
1777      287780
1778      647784
1779      300103
1780      647785
1781      300163
1782           7
1783  9999999980
1784      301773
1785      301786
1786      725005
1787      227799
1788      724015
1789 10000643284
1790      637802
1791 10000123284
1792      645006
1793      754000
1794       47797
1795       25006
1796      300198
1797      645006
1798      301773
1799      110000
1800       24019
1801      301814
1802 11122111111
1803      747819
1804      287811
1805      757818
1806       47821
1807      644017
1808       24018
1809      124019
1810      207814
1811      130001
1812      644017
1813      140001
1814       24017
1815      125002
1816      647820
1817      300103
1818  9999999928
1819  9999999920
1820      301803
1821      301822
1822      654019
1823       47825
1824      654018
1825      604017
1826      140010
1827      767840
1828      121840
1829      654019
1830       47835
1831      644017
1832      607841
1833      140010
1834      754000
1835      761840
1836      130007
1837      724015
1838 10000643284
1839      301842
1840        4000
1841        9999
1842       10003
1843      130001
1844      647849
1845      744019
1846      140008
1847 10000123284
1848      301778
1849          35
1850      647865
1851       27861
1852       22810
1853      140008
1854       10004
1855      124019
1856      647866
1857      125012
1858      647867
1859      125009
1860 10000653863
1861      301662
1862      754000
1863      124006
1864      301941
1865      644006
1866  5220100026
1867     1301868
1868      664019
1869      747877
1870      381886
1871      645011
1872      734019
1873      287876
1874      647884
1875      207877
1876      657884
1877  1000124017
1878      724002
1879 10000640449
1880      637885
1881      757883
1882      301895
1883        8000
1884  9999999999
1885        1000
1886      644000
1887      727899
1888      301222
1889      727903
1890      301218
1891      644000
1892      742810
1893      727905
1894      301221
1895       47913
1896      647914
1897 10000600449
1898      227899
1899      111933
1900       24002
1901      724003
1902      227903
1903      111927
1904       24003
1905      231889
1906       47909
1907 10000640440
1908      207910
1909 10000650440
1910      744017
1911      381915
1912      124017
1913      301891
1914      500000
1915      124013
1916      644019
1917      130001
1918      124019
1919      647926
1920      774013
1921      130010
1922      654017
1923      140010
1924      124017
1925      301891
1926  9999999999
1927      757931
1928      124014
1929      647932
1930      300310
1931      220000
1932      301939
1933      647937
1934      124014
1935      647938
1936      300310
1937      217002
1938      301941
1939      642810
1940       47955
1941      644019
1942      637957
1943      742071
1944       10007
1945      744001
1946      744002
1947      124017
1948      644019
1949      637956
1950      130001
1951      747956
1952      124014
1953      647958
1954      300308
1955      302811
1956      100000
1957    10000000
1958      301959
1959      724010
1960      644017
1961 10000123832
1962       10005
1963      124014
1964      654014
1965       10004
1966      744000
1967 10000123833
1968      110002
1969      747968
1970      124010
1971      647975
1972      124014
1973      647976
1974      300305
1975      140000
1976      301977
1977      724008
1978      644001
1979      747985
1980 10000123862
1981      642071
1982      744000
1983      122071
1984      301056
1985  1300040000
1986          64
1987          65
1988          66
1989          67
1990          74
1991          75
1992          76
1993          77
1994          60
1995          60
1996         138
1997          20
1998          61
1999          61
2000         130
2001         530
2002          13
2003          14
2004         930
2005           2
2006         412
2007           4
2008          72
2009          72
2010          72
2011          72
2012          80
2013          81
2014          90
2015          91
2016          82
2017          82
2018          92
2019          92
2020          83
2021          83
2022          93
2023          93
2024          33
2025         120
2026           8
2027           1
2028          28
2029      724010
2030 10000663831
2031      157041
2032      130008
2033      752071
2034      744000
2035       47042
2036      647043
2037      140004
2038       10009
2039 10000763831
2040 10000123831
2041      227030
2042      301511
2043          10
2044      644000
2045      124017
2046      110000
2047      124008
2048 10000643862
2049      124018
2050      130004
2051      757050
2052       40999
2053      642071
2054      754000
2055      122071
2056 10000643863
2057      302058
2058 10000123862
2059      724010
2060 10000663831
2061      157069
2062      130008
2063      757071
2064       47070
2065      747071
2066      754000
2067      140008
2068 10000123831
2069      227060
2070      302073
2071          15
2072      724019
2073 10000663831
2074      157084
2075      130008
2076      752071
2077      744000
2078       47085
2079      140004
2080      754017
2081       47084
2082 10000123831
2083      302133
2084      227073
2085      301511
2086 10000643862
2087      757091
2088      124014
2089      647092
2090      300305
2091  2599985019
2092      302093
2093      644000
2094      124017
2095      642071
2096      754000
2097      122071
2098      724008
2099 10000643862
2100      124018
2101      130004
2102      757101
2103       40999
2104      110000
2105      757109
2106      124008
2107      724010
2108      302117
2109           2
2110      645004
2111      747122
2112      382144
2113      645004
2114      727129
2115      302163
2116      724019
2117 10000663831
2118      157128
2119      130008
2120      752071
2121       47129
2122  7800140004
2123      754017
2124       47132
2125      644001
2126      744002
2127      302136
2128      227117
2129      111200
2130      124010
2131      301511
2132      302135
2133      647143
2134       27139
2135      664018
2136      140004
2137      124013
2138      227139
2139      112116
2140      124019
2141      727139
2142      300295
2143      112072
2144      721320
2145 10000643284
2146      755004
2147       41001
2148      645004
2149      637161
2150      757162
2151       47156
2152      641319
2153      744000
2154      121319
2155      207159
2156      661840
2157      744000
2158      121840
2159      110000
2160      302114
2161        1000
2162        6000
2163      124015
2164      110000
2165      124012
2166      644015
2167      130008
2168       47170
2169      302175
2170      757174
2171       42177
2172      727169
2173      300291
2174          12
2175      724015
2176      227178
2177      312973
2178      647185
2179      744001
2180      744002
2181       10003
2182 10000123285
2183      724012
2184 10000300000
2185      120000
2186      124012
2187 10000643284
2188      157196
2189      130008
2190      757199
2191       47194
2192      140008
2193      204012
2194      744000
2195       41004
2196      110000
2197      747200
2198      204012
2199          13
2200      159000
2201      647208
2202      302186
2203      725004
2204      227209
2205      124014
2206      647213
2207      300305
2208      302203
2209      727213
2210      757212
2211      300470
2212      140000
2213      301198
2214      112228
2215       24008
2216      125017
2217 10000643863
2218      125014
2219      125003
2220      130006
2221      757231
2222       47225
2223      727232
2224      302242
2225       27218
2226      727214
2227      300533
2228      665003
2229      122260
2230      300769
2231        2222
2232       82250
2233      647248
2234      124014
2235      647249
2236      300310
2237      645019
2238      125017
2239      675017
2240      125014
2241      727247
2242      647244
2243      300533
2244          22
2245      647260
2246       47250
2247      300747
2248      224001
2249      302245
2250      644001
2251      744002
2252      744003
2253      125003
2254      124019
2255      747259
2256      124014
2257      647261
2258      300305
2259  2200390001
2260       80000
2261      302262
2262      647267
2263      121332
2264      647268
2265      121265
2266      647269
2267      302270
2268      302472
2269      140000
2270  9800124014
2271      644019
2272      744000
2273      124001
2274      124019
2275      645005
2276      747270
2277      382444
2278      647280
2279      300305
2280      302535
2281      677287
2282      125008
2283      724007
2284 10000643862
2285      124017
2286      747295
2287      382300
2288      644017
2289      744000
2290 10000123862
2291      637298
2292      735008
2293      382485
2294      747299
2295  6700124014
2296      645008
2297      300310
2298        1111
2299      189999
2300      647319
2301       47308
2302      644017
2303      637315
2304      124014
2305      647316
2306      122319
2307      300310
2308      724007
2309      644017
2310      747317
2311 10000123862
2312      130004
2313      637318
2314      302292
2315      221111
2316      302308
2317       10000
2318  2000000011
2319           0
2320      644014
2321 10000123862
2322      724008
2323      227324
2324     3110000
2325      124008
2326 10000643863
2327      124018
2328      747336
2329      382339
2330      644018
2331      757337
2332       47334
2333      302408
2334      644018
2335      727338
2336  7000300532
2337   900130008
2338       82400
2339      724009
2340 10000643921
2341      757352
2342       47351
2343      227344
2344 10000643921
2345      757352
2346      157343
2347      110000
2348      124009
2349      644018
2350      302352
2351      302334
2352   900130008
2353      124014
2354      724018
2355 10000643284
2356       24018
2357      724014
2358 10000207324
2359      302364
2360      302365
2361      302387
2362      302388
2363      302388
2364      644000
2365      124019
2366      724018
2367      112370
2368      727367
2369      301217
2370      637380
2371      124014
2372      647379
2373      300310
2374      644019
2375       47377
2376      302400
2377      647386
2378      302282
2379      302374
2380        1111
2381      644018
2382      140004
2383      130008
2384       24018
2385      302365
2386      302381
2387      644000
2388      124019
2389      724018
2390      110000
2391      124014
2392      647399
2393      300310
2394      644019
2395       47397
2396      302400
2397      647406
2398      302282
2399      302394
2400      647407
2401      302282
2402      644018
2403      744000
2404       24018
2405      302388
2406      302402
2407      302408
2408      665003
2409      747415
2410      382412
2411      302281
2412  5800724007
2413 10000643862
2414 10000123860
2415  9800645003
2416      747412
2417      381187
2418      725003
2419      227426
2420      647425
2421      121332
2422      647427
2423      125003
2424      645004
2425      302428
2426      302446
2427  4102000001
2428      757432
2429       47431
2430      302446
2431      645004
2432   900130008
2433       47437
2434      300068
2435      725004
2436      302355
2437      124014
2438      757443
2439       47435
2440      140008
2441       24018
2442      302365
2443          22
2444      647460
2445      300305
2446      645005
2447      747457
2448      287453
2449      644007
2450      757462
2451      124007
2452      302281
2453      130008
2454      747457
2455      127457
2456      647461
2457  6000207458
2458      302468
2459      121265
2460      301200
2461      302472
2462           2
2463      757470
2464       47468
2465      647476
2466      125004
2467      301207
2468      647471
2469      300103
2470           9
2471      302463
2472      747479
2473      287476
2474      647483
2475      302186
2476   900130008
2477       47481
2478      645005
2479  6800637484
2480      301328
2481      110000
2482      741423
2483      301328
2484  2200001111
2485      754000
2486      727498
2487      300470
2488      645003
2489      747497
2490      382962
2491      644008
2492      744000
2493      124008
2494      724007
2495 10000643862
2496      130004
2497  9800301058
2498       82488
2499      645004
2500      744001
2501      744002
2502      125004
2503      647512
2504      124014
2505      647513
2506      300305
2507      645005
2508       47510
2509      641320
2510      727514
2511      302163
2512      140000
2513      302507
2514       82515
2515     3645004
2516      130008
2517      747519
2518       27519
2519      207450
2520      301205
2521      301205
2522      302671
2523      302605
2524      641074
2525      124011
2526      644001
2527      747534
2528      721320
2529 10000123284
2530 10000673059
2531      130007
2532      124014
2533      302539
2534  3400000000
2535      727539
2536      645003
2537      744000
2538      300290
2539      112962
2540       22628
2541      724014
2542 10000642822
2543      637556
2544 10000122822
2545      647555
2546      120220
2547      741166
2548       22555
2549      124017
2550       24018
2551      747557
2552      382559
2553      647558
2554      300103
2555         300
2556  1111118611
2557  9999999993
2558      302551
2559       47563
2560      644017
2561      747570
2562      302549
2563      647569
2564      300163
2565      645006
2566       47571
2567      647579
2568      300103
2569      302565
2570           3
2571      747578
2572      382596
2573      644002
2574      744000
2575      124002
2576      724018
2577      302580
2578  9999999990
2579      302566
2580 10000760040
2581      744001
2582      724015
2583 10000023284
2584      644017
2585       24018
2586      725006
2587 10000207581
2588      302560
2589      302553
2590      302611
2591      747603
2592      382567
2593      644002
2594      744000
2595       24002
2596       41000
2597      644018
2598      744000
2599       24018
2600      125002
2601      647604
2602      300103
2603  9999999991
2604      302591
2605      644000
2606      122645
2607      207611
2608      647623
2609      127618
2610      642866
2611      127605
2612      727605
2613      743956
2614       24014
2615 10000123510
2616      647618
2617      300310
2618      301207
2619      724008
2620 10000643862
2621      130008
2622       47624
2623      301187
2624      737631
2625      392973
2626      752002
2627      207622
2628      747633
2629 10140000000
2630      641074
2631      124011
2632      722628
2633 10000643284
2634      742629
2635 10000023284
2636      120220
2637      727645
2638      122645
2639 10000643510
2640       47643
2641      112647
2642      747646
2643      727641
2644      302163
2645           0
2646         226
2647      647651
2648      124014
2649      647652
2650      300305
2651      401359
2652      300885
2653      130008
2654      124014
2655      725005
2656 10000640000
2657      737664
2658      287662
2659      771840
2660      121840
2661 10000120000
2662      644014
2663       10003
2664      140004
2665 10000760000
2666      747670
2667      724015
2668 10000123284
2669      301328
2670  3187999932
2671      647679
2672       25005
2673      647687
2674      124017
2675      640138
2676      125002
2677      647686
2678      300103
2679  4000110001
2680      130002
2681      745006
2682      740138
2683      757687
2684       47688
2685      207691
2686      302680
2687          25
2688      747698
2689       47693
2690      647697
2691      120138
2692      302699
2693      757696
2694       47692
2695      302705
2696           3
2697          11
2698          19
2699      644017
2700      747704
2701      382708
2702      140002
2703      302674
2704  8300000000
2705      644017
2706      727707
2707      150000
2708      140002
2709      124013
2710      644001
2711      124014
2712      744000
2713      124001
2714 10000647716
2715      303957
2716      301407
2717      302673
2718      727733
2719      207728
2720      647731
2721      124014
2722      644001
2723      744002
2724      124019
2725      647730
2726      300308
2727      727731
2728      647732
2729      300470
2730      302727
2731      140000
2732        9237
2733       82829
2734 10003643861
2735      747746
2736      382803
2737      727746
2738      301648
2739 10003643860
2740      747746
2741      382769
2742      647752
2743 10000123860
2744      727747
2745      301648
2746  5599002718
2747       82748
2748      645004
2749      757760
2750       47753
2751      647761
2752  4401207754
2753      647762
2754       22810
2755      123520
2756      647763
2757      124014
2758      647764
2759      300305
2760  5026000000
2761   218101000
2762   218001000
2763      149236
2764      302765
2765      644001
2766      744002
2767      120531
2768      301187
2769      647780
2770      727775
2771      301655
2772      647781
2773      301075
2774 10000123863
2775      322772
2776      112785
2777      124008
2778      727776
2779      301648
2780  5220101026
2781      302774
2782      644019
2783      727789
2784      300290
2785      643520
2786      130008
2787      724008
2788      321187
2789      112824
2790      124008
2791 10000643861
2792      637802
2793      124014
2794      644011
2795      754000
2796      124011
2797      124004
2798      744014
2799 10000123862
2800      727788
2801      300291
2802    11000000
2803      647811
2804 10000123861
2805      647810
2806      130008
2807      724008
2808      227809
2809      301852
2810           0
2811  4400644019
2812      637818
2813       47820
2814      647819
2815      124014
2816      647822
2817      300308
2818   100000000
2819      427002
2820      647823
2821      302721
2822      302720
2823      100000
2824      647833
2825      301055
2826      644008
2827      754000
2828      124008
2829      645003
2830      757834
2831       47835
2832      301187
2833      302826
2834  4208000000
2835      724007
2836      647844
2837      744001
2838      744002
2839 10000123861
2840      647845
2841      124014
2842      642846
2843      300305
2844  4404000000
2845      140000
2846      302847
2847      644008
2848      754000
2849      124008
2850      643521
2851      130008
2852      727856
2853      300291
2854      727866
2855      125003
2856      112608
2857      754000
2858      122866
2859      750450
2860      747867
2861       47865
2862      647868
2863      744002
2864      120450
2865      302639
2866           1
2867      199227
2868      197000
2869      130008
2870       47875
2871     3724008
2872 10000643862
2873      727878
2874      300532
2875      302879
2876      727889
2877      207885
2878       82876
2879      727881
2880      674004
2881      152884
2882      125014
2883      300533
2884      727890
2885      647887
2886      300473
2887      250070
2888      724008
2889      322904
2890      112888
2891      124008
2892 10000643861
2893      637903
2894      127903
2895      644011
2896      754000
2897      124011
2898      124004
2899      747903
2900 10000123862
2901      727889
2902      301648
2903    11000000
2904      644008
2905      754000
2906      124008
2907      645003
2908      747913
2909      287914
2910      647917
2911      124014
2912      647918
2913  5800300310
2914      647916
2915      301055
2916      301187
2917        7000
2918      302919
2919      647925
2920      124014
2921      647930
2922      300310
2923      647931
2924      301055
2925      410004
2926      647932
2927      124014
2928      647933
2929      300305
2930      302926
2931      300885
2932      390070
2933      302923
2934 10000643863
2935      125014
2936      637949
2937       40986
2938      727940
2939      300533
2940      112950
2941      124008
2942 10000643863
2943      757955
2944       47946
2945      302956
2946      747955
2947      727945
2948      300532
2949    11000000
2950      724007
2951 10000723862
2952      111058
2953      727952
2954      300473
2955   900130008
2956      647960
2957      124014
2958      647961
2959      300310
2960      400137
2961      301056
2962      647969
2963      125003
2964      647970
2965      121265
2966      647971
2967      121332
2968      647972
2969  4600301055
2970   500747274
2971  5900747339
2972      301198
2973       85050
2974       38510
2975      110000
2976       38010
2977      140010
2978       38204
2979       27973
2980       38418
2981      720980
2982      647985
2983      744000
2984      127985
2985      640980
2986       38410
2987      227982
2988      202988
2989         999
2990           0
2991           0
2992   103000000
2993 10900590000
2994           0
2995           0
2996           0
2997           0
2998           0
2999   410000000
3000           0
3001           0
3002   713000000
3003   624000000
3004           0
3005           0
3006           0
3007           0
3008           0
3009   520000000
3010   221000000
3011           0
3012   823000000
3013 11000530000
3014           0
3015           0
3016           0
3017           0
3018           0
3019           0
3020           0
3021           0
3022 10300690000
3023   520000000
3024           0
3025           0
3026           0
3027           0
3028           0
3029           0
3030           0
3031           0
3032           0
3033          25
3034         142
3035         126
3036         314
3037         110
3038          59
3039          92
3040     7646019
3041       87777
3042      646017
3043      737050
3044      287050
3045      340002
3046      243962
3047      340020
3048      243980
3049      303691
3050      343660
3051      353680
3052   210484980
3053      343620
3054      353640
3055   830584991
3056      343600
3057      353620
3058   630584993
3059      303690
3060 17340000223
3061 17350000000
3062           0
3063 17190000000
3064           0
3065           0
3066 17530000000
3067 17360000000
3068           0
3069           0
3070           0
3071 17150000000
3072           0
3073           0
3074           0
3075 17000000225
3076 17480000218
3077 17250000220
3078           0
3079 17310000000
3080           0
3081 17270000000
3082           0
3083           0
3084           0
3085           0
3086 17080000000
3087 17140000219
3088           0
3089           0
3090 17640000000
3091           0
3092           0
3093           0
3094 17230000000
3095           0
3096           0
3097 17120000000
3098           0
3099 17380000000
3100           0
3101 17040000000
3102           0
3103           0
3104           0
3105           0
3106           0
3107           0
3108           0
3109           0
3110 17160000000
3111           0
3112           0
3113           0
3114 17500000000
3115           0
3116 17440000000
3117 17010000000
3118 17110000000
3119           0
3120           0
3121           0
3122           0
3123           0
3124           0
3125           0
3126           0
3127           0
3128           0
3129 17220000221
3130 17240000000
3131 17580000000
3132           0
3133 17210000000
3134 17290000217
3135 17330000222
3136           0
3137           0
3138           0
3139           0
3140           0
3141 17320000000
3142 17660000000
3143           0
3144 17300000000
3145           0
3146           0
3147           0
3148           0
3149           0
3150 17390000000
3151           0
3152           0
3153 17180000000
3154 17550000000
3155           0
3156 17060000224
3157           0
3158           0
3159           0
3160           0
3161           0
3162           0
3163           0
3164           0
3165           0
3166           0
3167           0
3168           0
3169           0
3170           0
3171           0
3172           0
3173           0
3174           0
3175           0
3176           0
3177           0
3178           0
3179           0
3180           0
3181           0
3182           0
3183           0
3184           0
3185           0
3186           0
3187           0
3188           0
3189           0
3190           0
3191           0
3192           0
3193           0
3194           0
3195           0
3196           0
3197           0
3198           0
3199           0
3200           0
3201           0
3202           0
3203           0
3204           0
3205           0
3206           0
3207           0
3208           0
3209           0
3210           0
3211           0
3212           0
3213           0
3214           0
3215           0
3216           0
3217           0
3218           0
3219           0
3220           0
3221           0
3222           0
3223           0
3224           0
3225           0
3226           0
3227           0
3228           0
3229           0
3230           0
3231           0
3232           0
3233           0
3234           0
3235           0
3236           0
3237           0
3238           0
3239           0
3240           0
3241           0
3242           0
3243           0
3244           0
3245           0
3246           0
3247           0
3248           0
3249           0
3250           0
3251           0
3252           0
3253           0
3254           0
3255           0
3256           0
3257           0
3258           0
3259           0
3260           0
3261           0
3262           0
3263           0
3264           0
3265           0
3266           0
3267           0
3268           0
3269           0
3270           0
3271           0
3272           0
3273           0
3274           0
3275           0
3276 17700000000
3277 17680000000
3278 17620000000
3279 17600000000
3280 17510000000
3281 17460000000
3282 17420000000
3283 17100000000
3284 17020000000
3285  5716000000
3286  5612000000
3287           0
3288  7288000000
3289           0
3290           0
3291  4306000000
3292  7088000000
3293           0
3294           0
3295           0
3296  9700533034
3297           0
3298           0
3299           0
3300  3088001234
3301  9800323038
3302  7188000000
3303           0
3304  5418110100
3305           0
3306  9500000000
3307           0
3308           0
3309           0
3310           0
3311  9999999999
3312  5418090144
3313           0
3314           0
3315  1240000000
3316           0
3317           0
3318           0
3319  5418010100
3320           0
3321           0
3322  9288000001
3323           0
3324  6188001088
3325           0
3326  9600000002
3327           0
3328           0
3329           0
3330           0
3331           0
3332           0
3333           0
3334           0
3335  5000645005
3336           0
3337           0
3338           0
3339  9700273037
3340           0
3341  9800003036
3342  5514000000
3343   100000002
3344           0
3345           0
3346           0
3347           0
3348           0
3349           0
3350           0
3351           0
3352           0
3353           0
3354  9288000000
3355  5804009999
3356  6010000000
3357           0
3358  5418101000
3359  5418001000
3360  5418091044
3361           0
3362           0
3363           0
3364           0
3365           0
3366  2988000000
3367  9800003039
3368           0
3369  9700053034
3370           0
3371           0
3372           0
3373           0
3374           0
3375  7488000000
3376           0
3377           0
3378  4400645005
3379  7388000000
3380           0
3381  4000110002
3382           0
3383           0
3384           0
3385           0
3386           0
3387           0
3388           0
3389           0
3390           0
3391           0
3392           0
3393           0
3394           0
3395           0
3396           0
3397           0
3398           0
3399           0
3400           0
3401           0
3402           0
3403           0
3404           0
3405           0
3406           0
3407           0
3408           0
3409           0
3410           0
3411           0
3412           0
3413           0
3414           0
3415           0
3416           0
3417           0
3418           0
3419           0
3420           0
3421           0
3422           0
3423           0
3424           0
3425           0
3426           0
3427           0
3428           0
3429           0
3430           0
3431           0
3432           0
3433           0
3434           0
3435           0
3436           0
3437           0
3438           0
3439           0
3440           0
3441           0
3442           0
3443           0
3444           0
3445           0
3446           0
3447           0
3448           0
3449           0
3450           0
3451           0
3452           0
3453           0
3454           0
3455           0
3456           0
3457           0
3458           0
3459           0
3460           0
3461           0
3462           0
3463           0
3464           0
3465           0
3466           0
3467           0
3468           0
3469           0
3470           0
3471           0
3472           0
3473           0
3474           0
3475           0
3476           0
3477           0
3478           0
3479           0
3480           0
3481           0
3482           0
3483           0
3484           0
3485           0
3486           0
3487           0
3488           0
3489           0
3490           0
3491           0
3492           0
3493           0
3494           0
3495           0
3496           0
3497           0
3498           0
3499           0
3500           0
3501  9800153039
3502  9800213039
3503  4500000000
3504  5904009999
3505  9700003037
3506  9800003038
3507  9800003035
3508  9700263037
3509  9700573037
3510           0
3511           0
3512           0
3513           0
3514           0
3515           0
3516           0
3517           0
3518           0
3519           0
3520           0
3521           0
3522  6242418603
3523  4455418603
3524  4359418606
3525      554163
3526  5959418605
3527        6841
3528  4745428605
3529        5549
3530  5456438607
3531    63554554
3532  6256438603
3533  4455458603
3534  6355458605
3535        5945
3536  5358458603
3537  5767458603
3538  5549468606
3539      486249
3540  5956468603
3541  5956468606
3542      634154
3543  5845478603
3544    56478602
3545  5963478603
3546    46498602
3547  5755498605
3548        6364
3549  6355498607
3550    59454745
3551  5845538603
3552  4756538603
3553  6262538603
3554  4456548603
3555  5845558603
3556  6356558603
3557    59568602
3558  6364568606
3559      636457
3560  6243578603
3561  5659578609
3562  5964444543
3563          45
3564  4145598604
3565          44
3566  4959668605
3567        4563
3568  5963578606
3569      444145
3570  6663578607
3571    45634959
3572  5549628603
3573  5958628604
3574          63
3575  5663628604
3576          57
3577  4264628610
3578  4963645659
3579        4555
3580  4966628606
3581      484363
3582  6355648605
3583        5349
3584  6345598606
3585      555964
3586  5556438607
3587    53565963
3588  6263548608
3589  4843594145
3590  6663548607
3591    45634959
3592  5963548606
3593      444145
3594  1111111111
3595  1111111111
3596  1111111111
3597  1111111111
3598  1111111111
3599  1111111111
3600           0
3601  8986810000
3602  8284230081
3603  5164554500
3604  5655002000
3605  6545596249
3606    82808500
3607  5345590020
3608  4356545749
3609  5941494300
3610  4153474542
3611  6447486200
3612  4264595956
3613           0
3614           0
3615           0
3616           0
3617           0
3618           0
3619           0
3620           0
3621           0
3622           0
3623           0
3624           0
3625           0
3626           0
3627           0
3628   220022220
3629     2002222
3630 33333332222
3631           0
3632           0
3633           0
3634           0
3635           0
3636           0
3637           0
3638           0
3639           0
3640           0
3641           0
3642 11110000000
3643 11113111111
3644 33333331111
3645 11113113333
3646 11113111111
3647 11113111111
3648 11113111111
3649 11113111111
3650 11113111111
3651 11113111111
3652 11113111111
3653 11113111111
3654 11113111111
3655 11113111111
3656 11113111111
3657 11113111111
3658 11113111111
3659 11133111111
3660  1111111111
3661      111111
3662  1100000000
3663  1111111111
3664  1111111111
3665  1111111111
3666  1111111111
3667  1111111111
3668  1111111111
3669  1111111111
3670  1111111111
3671  1111111111
3672  1111111111
3673  1111111111
3674  1111111111
3675  1111111111
3676  1111111111
3677 33333333333
3678 33333333333
3679 33333333333
3680 33333333333
3681 33333333333
3682 33333333333
3683 33333333333
3684 33333333333
3685 33333333333
3686 33333333333
3687 33333333333
3688           0
3689 22222222222
3690  3830544017
3691      646018
3692      120087
3693      637705
3694      120089
3695      646003
3696      123955
3697      743720
3698      120092
3699      637705
3700      753711
3701      120048
3702      743710
3703      127705
3704      120098
3705  2210402200
3706      287705
3707      343720
3708      353740
3709      301207
3710       92048
3711  2099994200
3712           0
3713           0
3714           0
3715           0
3716           0
3717           0
3718           0
3719           0
3720           1
3721          71
3722           0
3723           0
3724           0
3725           0
3726           0
3727           0
3728          29
3729           0
3730           0
3731  2800005020
3732           0
3733           0
3734           0
3735           0
3736           0
3737           0
3738           0
3739           0
3740           0
3741  9900000000
3742           0
3743  4102000000
3744           0
3745    20583663
3746      643692
3747       10000
3748      123692
3749    20543692
3750   210483588
3751   830583634
3752  1830543663
3753   630583616
3754      647763
3755      123690
3756      647764
3757      123691
3758    20543699
3759   220583663
3760      343720
3761      353740
3762      301207
3763    22222222
3764    33200000
3765      647777
3766      120141
3767      647778
3768      120146
3769      647779
3770      120152
3771      647780
3772       20161
3773      647781
3774       20136
3775      120980
3776      303040
3777      140008
3778       30402
3779       30406
3780      300107
3781      140010
3782   140420000
3783      283782
3784    40400000
3785      283784
3786    40402000
3787   140420000
3788       81248
3789 10000640000
3790       88888
3791 10000020000
3792      320000
3793       87777
3794      203789
3795   140420000
3796      283795
3797    40500000
3798      283797
3799    40502000
3800    40500000
3801    40502000
3802   140420000
3803       88421
3804      303040
3805           0
3806           0
3807           0
3808           0
3809           0
3810           0
3811           0
3812           0
3813           0
3814           0
3815           0
3816           0
3817           0
3818           0
3819           0
3820           0
3821           0
3822  5224011030
3823  5222000034
3824  6806000000
3825  5220101026
3826  5026000000
3827  6726000022
3828  4102000000
3829  4208000000
3830   100000001
3831  4000110001
3832           0
3833           0
3834           0
3835           0
3836           0
3837           0
3838           0
3839           0
3840           0
3841           0
3842           0
3843           0
3844           0
3845           0
3846           0
3847           0
3848           0
3849           0
3850           0
3851           0
3852           0
3853           0
3854           0
3855           0
3856           0
3857           0
3858           0
3859           0
3860           0
3861           0
3862           0
3863           0
3864           0
3865           0
3866           0
3867           0
3868           0
3869           0
3870           0
3871           0
3872           0
3873           0
3874           0
3875           0
3876           0
3877           0
3878           0
3879           0
3880           0
3881           0
3882           0
3883           0
3884           0
3885           0
3886           0
3887           0
3888           0
3889           0
3890           0
3891           0
3892           0
3893           0
3894           0
3895           0
3896           0
3897           0
3898           0
3899           0
3900      646006
3901      757914
3902       43902
3903      646018
3904      757912
3905       27906
3906           0
3907      287907
3908      263900
3909      343900
3910      273900
3911      303913
3912         201
3913       27913
3914  8000350000
3915      727926
3916 10000755000
3917      287918
3918      227916
3919      124019
3920      647914
3921      767926
3922      383929
3923      127914
3924      644019
3925      207914
3926    10000020
3927       80200
3928      203927
3929      644001
3930      747936
3931      127936
3932      747938
3933      127938
3934      747939
3935      127939
3936   100108000
3937      287936
3938 10100008000
3939        2000
3940       88888
3941           0
3942           0
3943           0
3944           0
3945           0
3946           0
3947           0
3948           0
3949           0
3950           0
3951           0
3952           0
3953           0
3954           0
3955           0
3956      199226
3957      127971
3958      123971
3959      664014
3960      724005
3961 10000120048
3962     8130000
3963      644013
3964 10000120049
3965   638544013
3966      110000
3967      747972
3968      380092
3969      757973
3970      124005
3971      644013
3972  9999999982
3973  9999999980
3974      124005
3975   638544013
3976 10000080000
3977  9999999995
3978       80000
3979       80000
3980       80000
3981       80000
3982      727998
3983      227991
3984      727993
3985    10446000
3986  4830546000
3987      646002
3988      747997
3989      126002
3990      260000
3991      647997
3992      130002
3993      110014
3994      123998
3995 10000640002
3996      300108
3997    99000099
3998           0
3999          59
