1                  1000 START            MEASY ASSEMBLER                    1000
1     MREAD   14   8000 MRD                                  1000 0 0140 40 8000
1                       CAD         5F 5                     1001 0 5000 64 0000
1   1                   STA   GET      7                     1002 0 7000 12 0000
1     GET          4000 CAA                                  1003 0 0000 66 4000
1                       STA   T0       5                     1004 0 5000 12 0000
1                     4 SRT                                  1005 0 0000 13 0004
1   2                   STA   T1       5                     1006 0 5000 12 0000
1                       ADD   T0       5                     1007 0 5000 74 1004
1                  5699 BOF                                  1008 0 0000 28 5699
1                       BUN   TRY      6                     1009 0 6000 20 0000
1     NXT               CAD   T1       5                     1010 0 5000 64 1006
1                       ADD         7F 5                     1011 0 5000 74 0000
1                       BOF         3F 7                     1012 0 7000 28 0000
1                       LDB   GET      7                     1013 0 0000 72 7003
1           1         1 CAD                                  1014 1 0000 64 0001
1                       LDB   T1       5                     1015 0 5000 72 1010
1           1           STA                                  1016 1 0000 12 0000
1   3                   CAD   GET      7                     1017 0 0000 64 7003
1                       ADD         8F 5                     1018 0 5000 74 0000
1                       BOF         1B 7                     1019 0 0000 28 7002
1     FIX   1         1 CAD                                  1020 1 0000 64 0001
1                       STA   T0       5                     1021 0 5000 12 1007
1                       EXT         6F 5                     1022 0 5000 63 0000
1                       ADA   T1       5                     1023 0 5000 76 1015
1                     9 SRT                                  1024 0 0000 13 0009
1                       CNZ         1F 6                     1025 0 6000 04 0000
1                     1 SRT                                  1026 0 0000 13 0001
1   3                   CAD   T0       5                     1027 0 5000 64 1021
1                    10 SLT                                  1028 0 0000 14 0010
1           1         1 STC                                  1029 1 0000 02 0001
1     TRY               LDB   T0       5                     1030 0 5000 72 1027
1                       DBB   FIX      6                     1031 0 0000 22 6020
1                       BUN   NXT      7                     1032 0 0000 20 7010
1   1                   STC   T2       5                     1033 0 5000 02 0000
1                     6 SLT                                  1034 0 0000 14 0006
1                       EXT         9F 5                     1035 0 5000 63 0000
1                       ADD   T2       5                     1036 0 5000 74 1033
1                     7 SRT                                  1037 0 0000 13 0007
1                       BUN         3B 6                     1038 0 0000 20 6027
1     HLT          7555 HLT                                  1039 0 0000 08 7555
1   5        9     4000 CAA                                  1040 0 9000 66 4000
1   6        1111110000                                      1041 0 1111 11 0000
1   7        9999996000                                      1042 0 9999 99 6000
1   8        9        2                                      1043 0 9000 00 0002
1   9        1111111110                                      1044 0 1111 11 1110
1     T0                BT5   HLT                            1045 0 0000 35 1039
1     T1                BT6   FIX                            1046 0 0000 36 1020
1     T2                CUB   MREAD                          1047 0 0000 30 1000
1     BEGIN    1        CRF   FI                             1048 0 0010 48 0000
1              3        CWF   FO                             1049 0 0030 58 0000
1             34   1000 MOW                                  1050 0 0340 50 1000
1                       BOF         1- 7                     1051 0 0000 28 7050
1                       BT5   PROC                           1052 0 0000 35 0000
1                  8000 BT6                                  1053 0 0000 36 8000
1                       BUN   PROC     5                     1054 0 5000 20 1052
1     PROC     1   6005 CRD                                  1055 0 0010 44 6005
1     LOOK         1600 BF6                                  1056 0 0000 26 1600
1                  6012 CAD                                  1057 0 0000 64 6012
1                       CNZ         1F 5                     1058 0 5000 04 0000
1     ADDR         6011 CAD                                  1059 0 0000 64 6011
1                       CNZ         2F 5                     1060 0 5000 04 0000
1                  6009 LDB                                  1061 0 0000 72 6009
1                       DBB         3F 5                     1062 0 5000 22 0000
1     FLAG         6012 OSD                                  1063 0 0000 73 6012
1                       CCB   STRT                           1064 0 0000 38 0000
1                       CUB   LOCAT                          1065 0 0000 30 0000
1   1                   ADD         4F 5                     1066 0 5000 74 0000
1                       LDB         5F 5                     1067 0 5000 72 0000
1                       CUB   TABLE                          1068 0 0000 30 0000
1   2                   CUB   SYMBL                          1069 0 0000 30 0000
1   3       1         1 CUB   FLAG                           1070 1 0000 30 1064
1   4                 7                                      1071 0 0000 00 0007
1   5                   CUB         4F                       1072 0 0000 30 0000
1                    10 START FLAG                                          1073
1                  6010 CAD                                  1073 0 0000 64 6010
1                       BUN         2F 7                     1074 0 7000 20 0000
1   4              1614 STA                                  1075 0 0000 12 1614
1                     2 SRT                                  1076 0 0000 13 0002
1                  1614 CNZ                                  1077 0 0000 04 1614
1                       BUN   ADDR     5                     1078 0 0000 20 5059
1   3              6012 CAD                                  1079 0 0000 64 6012
1                  8421 HLT                                  1080 0 0000 08 8421
1                  6012 STA                                  1081 0 0000 12 6012
1                       BUN   LOOK     5                     1082 0 0000 20 5056
1                    20 START FLAG                                          1083
1                  6010 CSU                                  1083 0 0000 65 6010
1   2              6021 ADD                                  1084 0 0000 74 6021
1     EQ           6013 ADD                                  1085 0 0000 74 6013
1                  1613 STA                                  1086 0 0000 12 1613
1                       BUN   FLAG     5                     1087 0 0000 20 5063
1                  7557 HLT                                  1088 0 0000 08 7557
1     CHAIN        1613 STA                                  1089 0 0000 12 1613
1                       CAD         1F 7                     1090 0 7000 64 0000
1                  6019 STA                                  1091 0 0000 12 6019
1                  6015 CAD                                  1092 0 0000 64 6015
1                     3 SRT                                  1093 0 0000 13 0003
1                  6008 CAD                                  1094 0 0000 64 6008
1                     3 SLT                                  1095 0 0000 14 0003
1                  1615 STC                                  1096 0 0000 02 1615
1                  6021 CSU                                  1097 0 0000 65 6021
1           1      2900 STC                                  1098 1 0000 02 2900
1                  1608 STA                                  1099 0 0000 12 1608
1                       CUB   LOCAT                          1100 0 0000 30 1065
1   1         4                                              1101 0 0400 00 0000
1     START        6012 CSU                                  1102 0 0000 65 6012
1                  6012 STA                                  1103 0 0000 12 6012
1                       BUN   ADDR     5                     1104 0 0000 20 5059
1                    42 START FLAG                                          1105
1                  6010 LDB                                  1105 0 0000 72 6010
1           1      3900 CAD                                  1106 1 0000 64 3900
1                       CUB   EQ                             1107 0 0000 30 1085
1                    46 START FLAG                                          1109
1                  6010 CAD                                  1109 0 0000 64 6010
1                       ADD         1F 7                     1110 0 7000 74 0000
1                       STA         9& 7                     1111 0 0000 12 7120
1                       LDB         8& 7                     1112 0 0000 72 7120
1           1      2900 CAD                                  1113 1 0000 64 2900
1                       CUB   CHAIN                          1114 0 0000 30 1089
1   1              1050                                      1115 0 0000 00 1050
1     LOCAT        6017 CAD                                  1116 0 0000 64 6017
1                       CNZ         1F 7                     1117 0 7000 04 0000
1                  6018 CAD                                  1118 0 0000 64 6018
1                       CNZ         2F 7                     1119 0 7000 04 0000
1     FINIS        1613 CAD                                  1120 0 0000 64 1613
1                     4 SRT                                  1121 0 0000 13 0004
1                  1608 CAD                                  1122 0 0000 64 1608
1                       CUB   FIN1                           1123 0 0000 30 0000
1   1                   LDB         3F 7                     1124 0 7000 72 0000
1                       CUB   TABLE                          1125 0 0000 30 1068
1   2              6018 LDB                                  1126 0 0000 72 6018
1           1      3950 CAD                                  1127 1 0000 64 3950
1                  6022 STA                                  1128 0 0000 12 6022
1                  6021 CAD                                  1129 0 0000 64 6021
1           1      3900 STC                                  1130 1 0000 02 3900
1           1      3950 STA                                  1131 1 0000 12 3950
1                       BUN   FINIS    7                     1132 0 0000 20 7120
1   3                   CUB   A4                             1133 0 0000 30 0000
1     SYMBL             LDB         1F 7                     1134 0 7000 72 0000
1     TABLE        6023 STC                                  1135 0 0000 02 6023
1                       BA                                   1136 0 0000 11 0000
1                       ADD         3F 7                     1137 0 7000 74 0000
1                       STA         9F                       1138 0 0000 12 0000
1                       CAD         2F 7                     1139 0 7000 64 0000
1                  6023 MUL                                  1140 0 0000 60 6023
1                       STC   SYMBL    7                     1141 0 0000 02 7134
1                     3 SLT                                  1142 0 0000 14 0003
1                       STA   SYMBL    7                     1143 0 0000 12 7134
1                       LDB   SYMBL    7                     1144 0 0000 72 7134
1                       CUB   SERCH                          1145 0 0000 30 0000
1   1                   CUB   EQ                             1146 0 0000 30 1085
1   3                 4 CUB                                  1147 0 0000 30 0004
1   2        1  1  1001                                      1148 0 1001 00 1001
1     SERCH 1      1900 CAD                                  1149 1 0000 64 1900
1                       CNZ         2F 7                     1150 0 7000 04 0000
1                  6023 CAD                                  1151 0 0000 64 6023
1           1      1900 STC                                  1152 1 0000 02 1900
1   9                   HLT                                  1153 0 0000 08 0000
1   3               999                                      1154 0 0000 00 0999
1   2              6023 SUB                                  1155 0 0000 75 6023
1                       CNZ         2F 7                     1156 0 7000 04 0000
1           1      2900 CAD                                  1157 1 0000 64 2900
1                       OSD         7- 7                     1158 0 0000 73 7151
1                       BOF         9B 7                     1159 0 0000 28 7153
1                       LDB         9B 7                     1160 0 0000 72 7153
1           1    299996                                      1161 1 0000 29 9996
1   2                   DBB   SERCH    7                     1162 0 0000 22 7149
1                       LDB         3B 7                     1163 0 0000 72 7154
1                       BUN   SERCH    7                     1164 0 0000 20 7149
1     A4           6019 CAD                                  1165 0 0000 64 6019
1                       ADD         3F 7                     1166 0 7000 74 0000
1                  6019 STA                                  1167 0 0000 12 6019
1                       CUB   FINIS                          1168 0 0000 30 1120
1     A3           6022 STA                                  1169 0 0000 12 6022
1                  6021 CAD                                  1170 0 0000 64 6021
1           1      2900 STA                                  1171 1 0000 12 2900
1                       CUB   FINIS                          1172 0 0000 30 1120
1   3          48540303                                      1173 0 0048 54 0303
1     FIN1              CNZ         1F 7                     1174 0 7000 04 0000
1   2              1614 CAD                                  1175 0 0000 64 1614
1                     2 SRT                                  1176 0 0000 13 0002
1                  1615 CAD                                  1177 0 0000 64 1615
1                     4 SRT                                  1178 0 0000 13 0004
1                  6016 CAD                                  1179 0 0000 64 6016
1                     9 CIRA                                 1180 0 0000 01 0009
1                    10 SLT                                  1181 0 0000 14 0010
1                  6020 STA                                  1182 0 0000 12 6020
1                       CUB         2F                       1183 0 0000 30 0000
1   1                 1 SLT                                  1184 0 0000 14 0001
1                  6008 CAD                                  1185 0 0000 64 6008
1                     1 SRT                                  1186 0 0000 13 0001
1                       BUN         2B 7                     1187 0 0000 20 7175
1     END               LDB         8F 7                     1188 0 7000 72 0000
1                       CAD         1F 7                     1189 0 7000 64 0000
1           1           STC                                  1190 1 0000 02 0000
1                  6021 STA                                  1191 0 0000 12 6021
1            1 3   6005 CWR                                  1192 0 1030 54 6005
1             14   8000 MOW                                  1193 0 0140 50 8000
1              4        MTS                                  1194 0 0040 42 0000
1                  1111 HLT                                  1195 0 0000 08 1111
1             34   1000 MRD                                  1196 0 0340 40 1000
1                       BOF         1- 7                     1197 0 0000 28 7196
1                       CUB   T0                             1198 0 0000 30 1045
1   1        9999999999                                      1199 0 9999 99 9999
1   2                   LDB         8F 7                     1200 0 7000 72 1188
1           1         1 STA                                  1201 1 0000 12 0001
1                  6022 CAD                                  1202 0 0000 64 6022
1                     4 SRT                                  1203 0 0000 13 0004
1                  6021 CAA                                  1204 0 0000 66 6021
1                     4 SLT                                  1205 0 0000 14 0004
1   8        9     4000 STA                                  1206 0 9000 12 4000
1              3   6005 CWR                                  1207 0 0030 54 6005
1                  6021 CAD                                  1208 0 0000 64 6021
1                       ADD         1F 7                     1209 0 7000 74 0000
1                  6021 STC                                  1210 0 0000 02 6021
1                  6022 STA                                  1211 0 0000 12 6022
1                  6019 STA                                  1212 0 0000 12 6019
1                       CAD         8B 7                     1213 0 0000 64 7206
1                       ADD         2F 7                     1214 0 7000 74 0000
1                       CCB         4F                       1215 0 0000 38 0000
1                       CUB         5F                       1216 0 0000 30 0000
1   1                 1                                      1217 0 0000 00 0001
1   2        9        2                                      1218 0 9000 00 0002
1   5         14   8000 MOW                                  1219 0 0140 50 8000
1                       CAD         1F 7                     1220 0 7000 64 0000
1   4                   STC         8B                       1221 0 0000 02 1206
1                  6020 STA                                  1222 0 0000 12 6020
1                       BUN   PROC     5                     1223 0 0000 20 5055
1     STRT              STC         7& 7                     1224 0 0000 02 7231
1                  6021 STA                                  1225 0 0000 12 6021
1            4 3  60050 CWR                                  1226 0 4030 54 0050
1                  1613 CAD                                  1227 0 0000 64 1613
1                  6021 STA                                  1228 0 0000 12 6021
1                       BUN   PROC     5                     1229 0 0000 20 5055
1   1        9     4000 STA                                  1230 0 9000 12 4000
1     FI    33333333333                                      1231 3 3333 33 3333
1           33333333333                                      1232 3 3333 33 3333
1           33333333333                                      1233 3 3333 33 3333
1           33333333333                                      1234 3 3333 33 3333
1           11111113333                                      1235 1 1111 11 3333
1           11111110111                                      1236 1 1111 11 0111
1           11111110111                                      1237 1 1111 11 0111
1            2221330111                                      1238 0 2221 33 0111
1              11                                            1239 0 0011 00 0000
1            2221                                            1240 0 2221 00 0000
1           11111                                            1241 1 1111 00 0000
1           11113211111                                      1242 1 1113 21 1111
1           13132111111                                      1243 1 3132 11 1111
1                 31313                                      1244 0 0000 03 1313
1                 31310                                      1245 0 0000 03 1310
1           31313131000                                      1246 3 1313 13 1000
1           2231                                             1247 2 2310 00 0000
1           111                                              1248 1 1100 00 0000
1           21321111111                                      1249 2 1321 11 1111
1           3  22222222                                      1250 3 0022 22 2222
1           33333333333                                      1251 3 3333 33 3333
1           33333333333                                      1252 3 3333 33 3333
1           33333333333                                      1253 3 3333 33 3333
1           33333333333                                      1254 3 3333 33 3333
1           33333333333                                      1255 3 3333 33 3333
1           33333333333                                      1256 3 3333 33 3333
1           33333333333                                      1257 3 3333 33 3333
1           33333333333                                      1258 3 3333 33 3333
1           33333333333                                      1259 3 3333 33 3333
1     FO                                                     1260 0 0000 00 0000
1                                                            1261 0 0000 00 0000
1                                                            1262 0 0000 00 0000
1                                                            1263 0 0000 00 0000
1                                                            1264 0 0000 00 0000
1                                                            1265 0 0000 00 0000
1                                                            1266 0 0000 00 0000
1                                                            1267 0 0000 00 0000
1                                                            1268 0 0000 00 0000
1           11111111000                                      1269 1 1111 11 1000
1           11111111311                                      1270 1 1111 11 1311
1           11111111311                                      1271 1 1111 11 1311
1           333112  311                                      1272 3 3311 20 0311
1           33331133333                                      1273 3 3331 13 3333
1           33311233333                                      1274 3 3311 23 3333
1           11111133333                                      1275 1 1111 13 3333
1           1111  31111                                      1276 1 1110 03 1111
1           22  3111111                                      1277 2 2003 11 1111
1           22333333322                                      1278 2 2333 33 3322
1           22333333333                                      1279 2 2333 33 3333
1           12333333322                                      1280 1 2333 33 3322
1           11333333331                                      1281 1 1333 33 3331
1             311111111                                      1282 0 0311 11 1111
1           33333333112                                      1283 3 3333 33 3112
1           31111111111                                      1284 3 1111 11 1111
1           2  22  2222                                      1285 2 0022 00 2222
1           222  2  222                                      1286 2 2200 20 0222
1           22233333112                                      1287 2 2233 33 3112
1              31111112                                      1288 0 0031 11 1112
1                  1967 START            SYMB. OP. TABLE                    1967
1            4343425907                     CCBR             1967 0 4343 42 5907
1                  1980 START                                               1980
1            4359440007                     CRD              1980 0 4359 44 0007
1                  1982 START                                               1982
1            4359460007                     CRF              1982 0 4359 46 0007
1                  1985 START                                               1985
1            4359490007                     CRI              1985 0 4359 49 0007
1                  2003 START                                               2003
1            5763664607                     PTWF             2003 0 5763 66 4607
1                  2010 START                                               2010
1            4449650007                     DIV              2010 0 4449 65 0007
1                  2069 START                                               2069
1            4364425907                     CUBR             2069 0 4364 42 5907
1                  2090 START                                               2090
1            5459440007                     MRD              2090 0 5459 44 0007
1                  2102 START                                               2102
1            5459560007                     MRO              2102 0 5459 56 0007
1                  2112 START                                               2112
1            5459660007                     MRW              2112 0 5459 66 0007
1                  2124 START                                               2124
1            4241     7                     BA               2124 0 4241 00 0007
1                  2175 START                                               2175
1            4341410007                     CAA              2175 0 4341 41 0007
1                  2178 START                                               2178
1            4341440007                     CAD              2178 0 4341 44 0007
1                  2188 START                                               2188
1            4441440007                     DAD              2188 0 4441 44 0007
1            6259630007                     SRT              2189 0 6259 63 0007
1                  2208 START                                               2208
1            4641440007                     FAD              2208 0 4641 44 0007
1                  2259 START                                               2259
1            4162430007                     ASC              2259 0 4162 43 0007
1                  2277 START                                               2277
1            4362410007                     CSA              2277 0 4362 41 0007
1                  2286 START                                               2286
1            4442420007                     DBB              2286 0 4442 42 0007
1                  2294 START                                               2294
1            4942     7                     IB               2294 0 4942 00 0007
1                  2300 START                                               2300
1            4362640007                     CSU              2300 0 4362 64 0007
1                  2330 START                                               2330
1            4662640007                     FSU              2330 0 4662 64 0007
1                  2344 START                                               2344
1            6441     7                     UA               2344 0 6441 00 0007
1                  2377 START                                               2377
1            4343420007                     CCB              2377 0 4343 42 0007
1                  2394 START                                               2394
1            4343590007                     CCR              2394 0 4343 59 0007
1            4353590007                     CLR              2395 0 4353 59 0007
1                  2405 START                                               2405
1            4349594107                     CIRA             2405 0 4349 59 4107
1                  2410 START                                               2410
1            5662440007                     OSD              2410 0 5662 44 0007
1            4263840007                     BT4              2411 0 4263 84 0007
1            4263850007                     BT5              2412 0 4263 85 0007
1            4263860007                     BT6              2413 0 4263 86 0007
1            4263870007                     BT7              2414 0 4263 87 0007
1                  2449 START                                               2449
1            4853630007                     HLT              2449 0 4853 63 0007
1                  2456 START                                               2456
1            4144410007                     ADA              2456 0 4144 41 0007
1                  2459 START                                               2459
1            4144440007                     ADD              2459 0 4144 44 0007
1                  2464 START                                               2464
1            6263415970                     START            2464 0 6263 41 5970
1                  2469 START                                               2469
1            6262430007                     SSC              2469 0 6262 43 0007
1                  2479 START                                               2479
1            4364420007                     CUB              2479 0 4364 42 0007
1                  2482 START                                               2482
1            4264550007                     BUN              2482 0 4264 55 0007
1                  2496 START                                               2496
1            4364590007                     CUR              2496 0 4364 59 0007
1                  2509 START                                               2509
1            5463620007                     MTS              2509 0 5463 62 0007
1                  2529 START                                               2529
1            4644650007                     FDV              2529 0 4644 65 0007
1            4654640007                     FMU              2530 0 4654 64 0007
1                  2536 START                                               2536
1            5763590007                     PTR              2536 0 5763 59 0007
1                  2543 START                                               2543
1            5763660007                     PTW              2543 0 5763 66 0007
1                  2568 START                                               2568
1            6263410007                     STA              2568 0 6263 41 0007
1                  2570 START                                               2570
1            6263430007                     STC              2570 0 6263 43 0007
1                  2577 START                                               2577
1            5344420007                     LDB              2577 0 5344 42 0007
1                  2589 START                                               2589
1            6253630007                     SLT              2589 0 6253 63 0007
1                  2599 START                                               2599
1            4555440007                     END              2599 0 4555 44 0007
1            5464530007                     MUL              2600 0 5464 53 0007
1                  2605 START                                               2605
1            4355690007                     CNZ              2605 0 4355 69 0007
1                  2668 START                                               2668
1            6264410007                     SUA              2668 0 6264 41 0007
1            6264420007                     SUB              2679 0 6264 42 0007
1                  2672 START                                               2672
1            4256460007                     BOF              2672 0 4256 46 0007
1                  2683 START                                               2683
1            4366460007                     CWF              2683 0 4366 46 0007
1                  2686 START                                               2686
1            4366490007                     CWI              2686 0 4366 49 0007
1                  2696 START                                               2696
1            4366590007                     CWR              2696 0 4366 59 0007
1                  2709 START                                               2709
1            4246840007                     BF4              2709 0 4246 84 0007
1            4246850007                     BF5              2710 0 4246 85 0007
1            4246860007                     BF6              2711 0 4246 86 0007
1            4246870007                     BF7              2712 0 4246 87 0007
1                  2740 START                                               2740
1            5955440007                     RND              2740 0 5955 44 0007
1                  2812 START                                               2812
1            5456660007                     MOW              2812 0 5456 66 0007
1                  2815 START                                               2815
1            5556590007                     NOR              2815 0 5556 59 0007
1                  2820 START                                               2820
1            4567630007                     EXT              2820 0 4567 63 0007
1                  2967 START            EQUIVALENTS.                       2967
1                    39                     CCBR             2967 0 0000 00 0039
1                  2980 START                                               2980
1                    44                     CRD              2980 0 0000 00 0044
1                  2982 START                                               2982
1                    48                     CRF              2982 0 0000 00 0048
1                  2985 START                                               2985
1                    45                     CRI              2985 0 0000 00 0045
1                  3003 START                                               3003
1                     7                     PTWF             3003 0 0000 00 0007
1                  3010 START                                               3010
1                    61                     DIV              3010 0 0000 00 0061
1                  3069 START                                               3069
1                    31                     CUBR             3069 0 0000 00 0031
1                  3090 START                                               3090
1                    40                     MRD              3090 0 0000 00 0040
1                  3102 START                                               3102
1                    70                     MRO              3102 0 0000 00 0070
1                  3112 START                                               3112
1                    52                     MRW              3112 0 0000 00 0052
1                  3124 START                                               3124
1                    11                     BA               3124 0 0000 00 0011
1                  3175 START                                               3175
1                    66                     CAA              3175 0 0000 00 0066
1                  3178 START                                               3178
1                    64                     CAD              3178 0 0000 00 0064
1                  3188 START                                               3188
1                    10                     DAD              3188 0 0000 00 0010
1                    13                     SRT              3189 0 0000 00 0013
1                  3208 START                                               3208
1                    80                     FAD              3208 0 0000 00 0080
1                  3259 START                                               3259
1                    16                     ASC              3259 0 0000 00 0016
1                  3277 START                                               3277
1                    67                     CSA              3277 0 0000 00 0067
1                  3286 START                                               3286
1                    22                     DBB              3286 0 0000 00 0022
1                  3294 START                                               3294
1                    32                     IB               3294 0 0000 00 0032
1                  3300 START                                               3300
1                    65                     CSU              3300 0 0000 00 0065
1                  3330 START                                               3330
1                    81                     FSU              3330 0 0000 00 0081
1                  3344 START                                               3344
1                     6                     UA               3344 0 0000 00 0006
1                  3377 START                                               3377
1                    38                     CCB              3377 0 0000 00 0038
1                  3394 START                                               3394
1                    29                     CCR              3394 0 0000 00 0029
1                    33                     CLR              3395 0 0000 00 0033
1                  3405 START                                               3405
1                     1                     CIRA             3405 0 0000 00 0001
1                  3410 START                                               3410
1                    73                     OSD              3410 0 0000 00 0073
1                    34                     BT4              3411 0 0000 00 0034
1                    35                     BT5              3412 0 0000 00 0035
1                    36                     BT6              3413 0 0000 00 0036
1                    37                     BT7              3414 0 0000 00 0037
1                  3449 START                                               3449
1                     8                     HLT              3449 0 0000 00 0008
1                  3456 START                                               3456
1                    76                     ADA              3456 0 0000 00 0076
1                  3459 START                                               3459
1                    74                     ADD              3459 0 0000 00 0074
1                  3464 START                                               3464
1                       BUN   START         START            3464 0 0000 20 1102
1                  3469 START                                               3469
1                    17                     SSC              3469 0 0000 00 0017
1                  3479 START                                               3479
1                    30                     CUB              3479 0 0000 00 0030
1                  3482 START                                               3482
1                    20                     BUN              3482 0 0000 00 0020
1                  3496 START                                               3496
1                    21                     CUR              3496 0 0000 00 0021
1                  3509 START                                               3509
1                    42                     MTS              3509 0 0000 00 0042
1                  3529 START                                               3529
1                    83                     FDV              3529 0 0000 00 0083
1                    82                     FMU              3530 0 0000 00 0082
1                  3536 START                                               3536
1                                           PTR              3536 0 0000 00 0000
1                  3543 START                                               3543
1                     3                     PTW              3543 0 0000 00 0003
1                  3568 START                                               3568
1                    12                     STA              3568 0 0000 00 0012
1                  3570 START                                               3570
1                     2                     STC              3570 0 0000 00 0002
1                  3577 START                                               3577
1                    72                     LDB              3577 0 0000 00 0072
1                  3589 START                                               3589
1                    14                     SLT              3589 0 0000 00 0014
1                  3599 START                                               3599
1                       BUN   END           END              3599 0 0000 20 1188
1                    60                     MUL              3600 0 0000 00 0060
1                  3605 START                                               3605
1                     4                     CNZ              3605 0 0000 00 0004
1                  3668 START                                               3668
1                    77                     SUA              3668 0 0000 00 0077
1                    75                     SUB              3669 0 0000 00 0075
1                  3672 START                                               3672
1                    28                     BOF              3672 0 0000 00 0028
1                  3683 START                                               3683
1                    58                     CWF              3683 0 0000 00 0058
1                  3686 START                                               3686
1                    55                     CWI              3686 0 0000 00 0055
1                  3696 START                                               3696
1                    54                     CWR              3696 0 0000 00 0054
1                  3709 START                                               3709
1                    24                     BF4              3709 0 0000 00 0024
1                    25                     BF5              3710 0 0000 00 0025
1                    26                     BF6              3711 0 0000 00 0026
1                    27                     BF7              3712 0 0000 00 0027
1                  3740 START                                               3740
1                    23                     RND              3740 0 0000 00 0023
1                  3812 START                                               3812
1                    50                     MOW              3812 0 0000 00 0050
1                  3815 START                                               3815
1                    15                     NOR              3815 0 0000 00 0015
1                  3820 START                                               3820
1                    63                     EXT              3820 0 0000 00 0063
1                  1500 END                                                 1500

766 70010440000 00000000000 00000000023 00000200015 60000201500 10010440000 00000721500
766 70010440006 20000040021 00000130009 20000750031 20000630029 20000120030 10000640001
766 70010440012 20000220000 20000720030 10000020001 00000140010 20000640030 00000130001
766 70010440018 00000130004 20000120030 20000640082 20000120015 20000750028 20000640015
766 70010440024 20000630027 00000140006 20000020032 00000081221 20000040010 20000120031
766 70010440030 01111110000 00000000001 01111111110 20000200007 00000130007 20000740032
766 70010440036 10010301009 10010171012 10010031002 00000000000 00000000000 00000000000
766 70010440042 10010441035 10010431018 10010421011 10010411022 10010401001 10010331025
766 70010440048 10010691060 10010661058 10010551054 10010471036 10010461023 10010451030
766 70010440054 10011011090 10010841074 10010751072 10010721067 10010711066 10010701062
766 70010440060 10011341069 10011331124 10011261119 10011241117 10011161100 10011151110
766 70010440066 10011531138 10011491145 10011481139 10011471137 10011461134 10011351125
766 70010440072 10011841174 10011741123 10011731166 10011651133 10011621156 10011551150
766 70010440078 10012191216 10012181214 10012171209 10012061200 10012001183 10011991189
766 70000200015 00000000000 10012601049 10012311048 10012301220 10012241064 10012211215
