
X#40$ Y#50$ X1#X & Y & 3.14$STOP$FINISH$                              
+0000647081
+0004126019
+0000647082
+0004126018
+0000647083
+0000806018
+0000806019
+0004126017
+0000080137
+0000080969
+5240000000
+5250000000
+5131400000
+0000000000
+0000000000
+0000000000
+0000000000
-1100000000
-1131111111
-1131111111
-1131111111
-1131111111
-1131111111
-1131111111
-1131111111
-1131111111
-1131111111
-1131111111
-1131111111
-1131111111
-1131111111
-1131111111
-1131111111
-1131111111
-1131111111
-1131111111
-1131111111
-1131111111
-1131111111
-1131111111
-1131111111
-1131111111
+0001207015
-1133333333
-1101111111
-1101111111
-1101111111
-1101111111
-1101111111
-1101111111
-1101111111
-1101111111
-1101111111
-1101111111
-1101111111
-1101111111
-1101111111
-1101111111
+3301111111
+3333333333
+3333333333
+3333333333
+3333333333
+3333333333
+3333333333
+3333333333
+3333333333
+3333333333
+3333333333
+3333333333
+3333333333
+3333333333
+0001207013
-0000000000
+0000110000
+0000087070
+0000035810
+0000644001
+0000038010
+0000724002
+0000087270
+0000038010
-0003300000
+0000645004
+0000745018
+0000287017
+0000125004
+9990643999
+0000126000
+0000140002
+0000130006
+0000126001
+0000726000
+0000225012
+0000205000
-0000640001
+0000126000
+0000635019
+0000746001
-0000120001
+0000205009
+0010000001
+1111110000
+0001205000
+0007300071
+0000000084-0000004000
