7342180
664008
764007
764009
764006
757214
41000
647217
124014
640087
747215
126000
647216
300305
29
22
302218
400969
674001
761840
737227
280986
7643981
757229
47227
727230
302232
727231
302232
80000
90
30
640304
754000
330000
140007
740304
747240
122505
302249
639999
644014
757258
47246
647259
302260
725003
227249
302277
110000
125003
10000642398
124014
10000642489
124013
647257
303957
302241
7011
302246
123971
724005
227264
203971
647274
10000120049
647275
10000120050
110000
747276
380092
320000
320000
207264
7012
19
9999999983
727286
320000
110000
122286
747285
382370
646000
302287
9999999992
0
127299
10000742306
126000
637306
130008
10000742306
140008
127300
10000653032
737306
382277
1242180
420223
400400
287300
342180
10000643032
125004
302314
10400400
2
9
8
18
7
4
4
125005
727321
10000640400
207321
725006
645000
140001
320000
125000
10000640400
124013
130010
10000
747333
287330
302340
25001
140010
302334
9999999998
765004
130010
645001
10009
140010
124013
645000
130006
637351
125001
157352
147351
287348
302353
735000
382277
302316
1000001000
302360
644013
637369
745001
130010
644013
140010
124013
11000
125006
665005
124014
744000
125005
647368
303957
302318
1111110011
647376
124014
647377
124013
647378
303957
7011
7300071
302379
647396
302260
664001
38510
671840
38010
640092
87570
643955
127392
637397
747393
127393
420000
100400000
287393
300000
302381
10000000
7011
5019
5018
5017
5016
5015
5014
5013
5012
5011
5010
5009
5008
5007
5006
5005
5004
5003
5002
5001
5000
69
68
67
66
65
64
63
62
61
60
7011
6008
6007
6006
6005
6004
6003
6002
6001
6000
5999
5998
5997
5996
5995
5994
5993
5992
5991
5990
5989
5988
5987
5986
5985
5984
5983
5982
5981
5980
7011
6008
6007
6006
6005
6004
6003
6002
6001
6000
5999
5998
5997
5996
5995
5994
5993
5992
5991
5990
5989
5988
5987
5986
5985
5984
5983
5982
5981
5980
1205000
1111110000
10000001
205009
10000120001
746001
635019
126000
10000640001
205000
225012
726000
126001
130006
140002
126000
640000
125004
287017
745018
645004
10003300000
38010
87270
724002
38010
644001
35810
87070
110000
10000000000
1207013
3333333333
3333333333
3333333333
3333333333
3333333333
3333333333
3333333333
3333333333
3333333333
3333333333
3333333333
3333333333
3333333333
3301111111
11101111111
11101111111
11101111111
11101111111
11101111111
11101111111
11101111111
11101111111
11101111111
11101111111
11101111111
11101111111
11101111111
11101111111
11133333333
1207015
11131111111
11131111111
11131111111
11131111111
11131111111
11131111111
11131111111
11131111111
11131111111
11131111111
11131111111
11131111111
11131111111
11131111111
11131111111
11131111111
11131111111
11131111111
11131111111
11131111111
11131111111
11131111111
11131111111
11131111111
11100000000
0
0
0
0
727590
810446013
646019
10000120400
320000
646018
10000120400
320000
646017
10000120400
320000
646016
10000120400
320000
646015
10000120400
320000
302598
646014
10000120400
320000
646013
10000120400
320000
646019
737599
382581
110000
747613
130010
617614
726020
302915
19
20
10000121706
640087
637624
130008
10000741706
140008
127622
500400
302580
10190400
640087
127629
637634
127630
420201
502200
287630
82222
302200
2210192200
0
0
0
0
0
779100
124001
110013
124002
674001
20000810014
20000740014
700009101
130008
20000040012
130002
644001
140010
10003300000
7000709102
20000720001
300061
5810000000
330060
20000150024
130010
70009103
24001
170000
20000740015
130002
644001
140010
10900000104
10003300000
170000
20000740015
130002
644001
140010
744000
124014
647439
303957
300421
7709200
124001
20000110051
124005
20000640001
20000200007
24001
7779201
110005
24002
644001
20000720006
20000740018
20000280013
770009202
300061
20000630016
20000800017
20000300019
4811111113
4831622777
70009203
9999999998
124003
20000810030
834003
124003
824003
707709204
124004
20000640037
824004
30000800031
20000220026
20000300038
9205
4863245553
5120000002
5066666171
4040019303
5028243357
5025034109
9206
4957228327
5041059704
824003
124004
644001
130002
7770009807
20000630048
20000810049
20000820050
804004
724002
10033000000
9208
4811000000
4850500000
5523025851
824000
724003
124001
7070009209
20000820067
124000
20000810058
130010
5820060051
140018
70009210
124003
140012
20000800058
814000
124005
824005
7709211
20000300068
15043429448
124004
20000820081
20000800082
824004
7070009212
20000800083
824004
20000800084
824005
124005
664000
7000009213
20000740085
20000380105
20000300086
4617158520
4848932819
5016920387
70709214
5099571148
4752000000
20000640101
824004
20000800102
824004
7070079215
20000800103
824004
20000800104
124004
814005
20000120086
70009216
654005
814004
20000830086
824003
10003300000
4741730363
709217
